0: 4,6,4,11,4,7,5,7,3,11,5,3,9,8,3
1: 14,19,13,17,14,16,15,22,17,21,13,21,18,17,22
2: 24,23,32,31,24,31,30,25,30,27,24,31,32,26,25
3: 37,40,36,33,41,34,38,41,36,35,40,33,37,39,38
4: 52,47,45,45,50,43,44,45,51,51,43,44,49,44,52
5: 62,57,57,58,60,55,60,61,53,55,56,57,62,62,55
6: 64,67,67,64,63,72,63,65,65,67,69,71,63,63,63
7: 74,82,74,73,75,78,76,74,73,77,80,81,77,78,81
8: 90,85,83,84,84,90,86,88,86,92,87,85,85,86,89
9: 98,93,100,96,97,101,99,102,96,95,97,98,95,94,98
10: 109,110,105,103,103,104,111,110,110,103,112,105,106,108,106
11: 122,119,117,114,119,120,115,121,118,116,113,118,122,119,120
12: 130,127,130,132,123,130,129,124,125,129,132,125,124,131,125
13: 140,135,137,142,138,135,135,141,139,142,140,136,141,140,137
14: 146,146,144,151,148,150,152,146,146,145,143,146,150,151,146
15: 162,155,159,153,157,153,158,159,155,154,155,162,154,155,153
16: 165,167,169,169,166,171,163,163,165,164,165,165,171,164,171
17: 174,181,176,177,180,174,177,180,181,178,179,176,181,182,178
18: 186,183,186,189,187,192,189,192,191,192,190,185,189,188,190
19: 194,195,200,200,197,197,198,194,198,201,199,196,197,201,194
